0.103106 0.666697
1.95564 1.95564
3.12075 3.12075
0.131683 0.83331
0.208935 0.630341
1.29146 2.06854
1.38619 1.38619
0.263404 0.119944
0.958299 0.100371
2.01662 1.29127
0.279951 0.0103206
0.268102 0.133816
3.03538 1.14608
1.12083 0.504599
2.35303 1.36141
0.135987 1.53497
0.516944 1.00567
1.53952 1.82332
0.985474 1.75056
1.04085 1.42903
0.0664714 0.204074
1.43469 1.11647
0.56457 0.655899
0.649306 0.612996
0.267944 0.419847
0.361481 0.183525
0.970949 0.268161
2.13211 0.64293
0.101706 0.847075
0.630192 1.41352
1.17361 0.46244
0.70861 0.254958
0.397328 0.244636
0.337654 0.117048
0.739394 0.943542
1.21599 1.40256
1.09433 2.14795
1.09337 2.54712
0.54606 0.12471
1.74332 0.86833
0.716807 0.271851
0.959444 0.444214
1.97613 1.17846
4.96805 0.61064
1.08432 0.825711
1.29407 0.089658
1.26158 1.62097
0.375214 0.542855
0.880075 2.88884
0.818776 0.277426
0.269286 0.161348
1.32646 0.943416
0.156624 0.251374
0.0810394 1.00943
0.281533 0.685439
0.141798 0.692853
0.187741 0.963683
1.98236 1.54007
1.24701 0.389811
0.33301 0.045129
0.715257 1.89597
0.0603991 1.17631
1.92163 1.66455
1.94286 1.20717
0.160378 0.540266
1.27317 1.62309
0.0684317 0.205097
6.21002 6.21002
9.55023 9.55023
9.38811 9.38811
1.87738 0.567607
0.832373 0.65521
0.272806 2.52934
0.814219 0.531093
0.538708 0.538673
0.200685 0.836746
0.0376992 0.154546
0.212758 1.11358
4.05032 1.22296
4.60096 0.192219
0.494142 4.71357
0.472378 1.58779
0.387341 3.27671
0.947765 2.39385
0.512257 0.515776
0.968019 0.968019
0.794022 0.794022
2.37556 2.37556
1.68093 0.16544
0.240232 0.519489
0.23569 0.202402
0.482228 0.264379
1.66784 0.0910339
0.164656 0.0411167
0.56431 0.504065
0.422341 0.805879
0.965078 1.06484
0.744465 0.880266
0.262693 0.367446
0.798607 0.48247
2.21796 2.21796
2.13884 2.13884
0.596259 0.521238
0.584958 0.104202
1.48973 0.472386
0.403101 0.910107
1.65094 0.673626
0.138715 0.39678
0.435494 0.198722
0.902865 0.371813
1.39852 0.212123
1.85776 1.04429
1.18695 0.865129
0.340894 0.165938
0.414408 0.544398
3.10599 0.658704
1.26646 3.18331
0.357989 1.31791
1.21055 2.6219
2.0094 1.4582
0.392446 0.860689
0.785984 1.01636
0.127231 0.479173
0.0830495 0.659896
0.789674 0.461547
0.808618 0.435966
0.472163 0.0773344
0.368702 0.314563
0.417556 0.84023
1.1288 1.46357
0.143745 1.03201
0.194932 0.848172
0.152062 0.148182
1.29403 0.529859
0.326572 7.14093
0.197766 0.84919
0.918982 0.454231
0.263422 1.15315
0.157216 0.744152
1.11241 0.747077
0.151159 0.27417
2.26926 2.26926
2.9174 2.9174
3.21789 3.21789
0.845456 0.562711
0.951146 0.603357
1.14716 0.997898
1.11415 0.307369
0.436316 0.37425
0.59281 0.575753
0.345616 0.0955159
0.11302 0.287612
1.53139 0.286907
0.140006 0.32965
1.09835 0.796034
0.935717 0.543214
0.747728 1.15072
0.260266 0.104727
0.761295 0.257324
0.485578 0.873835
1.65337 0.6811
0.345149 0.273949
1.50643 0.0819056
0.616159 0.0546684
1.59652 0.848327
0.0636014 0.415796
5.8207 0.124796
0.517846 0.389792
0.826551 0.267651
0.432307 0.606507
0.665407 0.398358
0.99019 1.10427
0.00938333 0.127707
0.634612 0.30882
0.0901421 2.48653
1.43621 0.255638
1.06902 0.293704
1.20949 2.34639
2.3105 0.807434
2.00069 1.05751
0.361175 0.519162
0.256527 0.926783
0.167086 1.0025
3.11901 1.71396
0.293806 0.287601
0.29637 0.123692
1.4479 1.14071
0.95674 0.303095
0.0919044 1.06163
1.13862 1.34391
0.778173 1.21863
1.2393 2.03078
0.985391 0.207952
0.402512 1.35882
1.63385 0.908907
0.690566 0.213025
0.317511 0.381781
0.980123 1.31453
0.0919048 0.59675
2.65294 2.65294
3.03561 3.03561
3.03483 3.03483
1.19853 0.734863
0.895736 0.51961
0.094149 0.587137
1.13823 0.574578
0.665701 1.33068
0.284362 0.189584
0.602476 5.196
0.223989 0.140927
0.108847 0.351958
0.603208 0.694972
4.8691 1.42837
0.0587688 0.221339
0.0579008 0.170276
0.562115 0.213531
0.579983 1.15243
0.523028 0.364346
0.984445 1.70924
2.65135 1.96802
0.534699 0.99744
0.310569 1.19021
2.2769 0.397511
0.588902 0.409244
4.02988 1.41599
0.0765197 0.0569782
0.0788467 0.471056
0.650684 0.673671
0.296379 1.24407
0.991392 0.145245
0.556376 2.46039
1.15389 0.0867128
2.21965 0.507035
0.252032 0.22198
0.748244 0.0567427
2.08246 2.08246
1.76932 1.76932
1.76628 1.76628
1.80342 1.80342
0.367801 0.572646
0.573262 0.49924
0.271204 1.7471
1.15968 2.80855
2.70215 1.15638
1.05457 0.384547
0.559301 0.7216
3.72007 6.72616
0.0284793 0.221912
0.372514 0.265154
0.32899 1.16679
0.566039 0.25529
1.79014 0.647861
1.29267 0.276774
1.01363 0.470945
0.175718 0.456464
0.833258 1.67892
0.0494397 1.08806
2.93677 0.518343
0.616278 1.1219
1.47868 0.783126
1.05313 0.635089
0.165084 0.372387
1.44842 1.22722
0.648556 1.17276
0.427549 1.66792
0.161698 1.62402
1.76486 0.841225
1.73991 0.363157
0.632491 0.203267
0.35429 0.442094
0.527393 0.657144
0.209687 0.994758
1.31539 0.637696
0.206516 4.98093
0.921768 0.154865
0.51753 0.83162
0.174818 0.0748996
0.41409 1.65398
2.67155 2.67155
2.67225 2.67225
2.01008 2.01008
0.642857 0.18044
0.692286 1.35787
0.135766 0.19446
1.66195 2.664
0.628624 0.947537
1.85807 0.121363
1.94373 0.710363
0.822076 0.317522
0.485467 0.921757
0.881589 1.13451
1.33025 0.756678
1.02612 1.02612
0.147708 0.705758
1.92841 1.73244
0.102114 0.637385
0.638929 0.581972
0.902391 0.821645
0.18459 1.19225
0.153788 0.187274
0.520033 0.506031
1.73678 0.989523
0.72892 1.38032
1.24587 0.227626
0.879233 0.834151
2.29658 0.346141
0.256665 0.265057
1.11954 0.764146
0.525081 0.350748
0.0310455 0.0788738
0.69288 2.1806
0.222505 0.213347
0.950335 1.86802
0.247843 0.0840629
0.234234 0.661199
0.164924 0.113142
0.384067 1.43176
1.2434 1.3879
1.60757 0.308874
1.88818 4.14804
0.170381 0.733427
2.159 2.91083
1.02196 2.3986
0.653953 3.41648
0.305836 0.188839
1.47899 0.350034
0.588814 1.26958
0.420024 0.338839
0.986866 0.862863
3.10213 3.10213
3.17917 3.17917
2.46715 2.46715
0.175557 0.0875957
0.253203 1.15404
0.651389 0.575674
2.91965 1.45504
0.184639 0.276694
0.785427 0.129175
1.38334 1.91619
0.181705 0.230849
0.798924 0.0344705
0.290077 0.269493
0.232568 0.340358
0.675347 0.599993
0.517736 1.05619
0.478094 0.336651
0.113265 0.76818
3.56934 0.514689
0.654743 0.949852
0.966865 0.39307
0.277128 0.296172
1.13652 0.58653
1.95339 2.96299
0.892077 2.42968
0.480282 0.78885
0.625112 1.95387
0.981863 1.72576
0.182262 0.540278
0.363647 0.0650129
1.27026 1.09115
0.226058 0.141998
2.19166 2.19166
0.110005 0.547637
0.344222 0.677559
0.30829 0.375845
2.66623 0.135304
0.789497 0.75695
0.0609369 0.195826
2.04573 0.893935
0.830808 1.07822
0.643293 0.230039
0.614711 0.695128
0.637553 0.226624
0.326426 0.462322
2.35785 1.24419
1.53898 0.916161
0.394996 0.267205
3.08716 1.39756
2.06283 3.90109
0.284498 0.415571
0.83095 0.805784
1.91004 1.91004
2.44939 2.44939
2.34818 2.34818
1.07029 0.104708
0.0821759 1.0569
2.89971 1.90753
0.669916 0.949411
1.30814 0.30473
0.190604 1.14255
2.37022 2.37022
0.247899 2.16955
1.92878 1.23453
0.427291 0.319108
0.456841 1.22592
0.315595 2.02856
0.551564 0.974283
0.444252 0.491943
0.791411 0.154072
1.54189 0.281821
0.039532 0.0888446
0.927436 2.16296
0.281977 0.352573
0.0739576 0.566024
1.58494 0.966497
2.33855 1.89023
0.467824 2.97836
0.0816284 0.243911
0.507729 0.154401
2.55794 1.04162
0.849667 0.0835253
0.0928559 0.328811
0.953286 0.182692
0.476571 0.622519
0.137536 0.935052
1.07023 0.767651
0.180329 0.234086
0.25086 0.439839
0.14798 0.0352048
0.152955 0.377444
0.416891 1.05998
0.591983 1.90271
3.01865 0.256447
1.69997 0.151213
0.212604 0.0643162
0.466119 0.304631
2.01542 0.621588
0.318526 0.710293
1.04719 1.04061
0.383486 0.108113
0.287368 0.175786
0.7849 0.0502381
0.668569 1.00641
0.270351 0.0810736
0.448491 1.18175
0.673662 2.35384
0.450984 1.79399
0.127049 3.52068
0.419043 0.168371
0.497053 0.770485
0.710506 2.03227
0.0795596 0.360933
1.40079 1.33796
0.128544 0.136851
2.93497 1.04223
0.475104 0.202456
0.147468 0.547778
0.273406 0.218583
1.83599 0.316295
0.892934 0.35821
0.0555162 0.231842
1.56259 1.92624
0.453715 0.692423
0.320365 0.34786
0.702659 0.597304
0.183248 0.521596
0.877632 1.30596
0.305914 0.200512
0.620362 1.06489
0.388417 0.692131
1.77654 0.359065
0.163068 0.132181
1.82368 0.355213
0.857026 0.870177
0.70142 0.588794
1.39589 0.584308
0.336426 0.165297
0.389875 0.806521
0.29152 1.10822
0.156132 0.089168
1.3198 1.0524
0.126219 0.399898
0.548761 0.265434
0.447237 0.144838
0.410123 1.52261
0.329603 0.0763759
0.684124 0.150559
0.850764 0.483412
0.341279 0.291111
2.35691 2.35691
2.1463 0.376337
0.741534 0.371643
0.427795 0.995289
0.646785 0.524945
1.25333 1.25944
0.0894658 0.0576753
0.181779 0.0866844
0.521371 0.77606
0.236536 0.115893
0.625321 0.488196
1.921 2.12735
0.0998626 2.46533
0.182434 0.181099
0.551731 0.26519
0.379115 0.206426
0.23508 0.150176
0.25493 0.430689
0.168284 0.734297
0.0543247 1.87976
0.930786 0.699991
1.18626 1.5621
2.78462 1.27633
1.30918 1.85594
1.29014 0.760467
0.903877 0.4708
0.899618 1.16952
0.988552 3.33419
2.69815 0.300326
1.13731 1.31475
2.59017 2.59017
2.7252 2.7252
2.21605 2.21605
2.16506 2.16506
2.24061 2.24061
1.49523 1.49523
0.311708 0.576254
3.91959 0.512356
0.781982 1.21344
0.178305 0.232208
0.205684 0.382255
0.735873 0.406915
0.822784 1.17951
1.34233 2.02331
0.213262 1.85525
0.0557163 0.232399
3.87812 0.128019
0.79194 0.581852
0.81479 3.1097
2.79087 2.79087
2.71394 2.71394
0.75109 0.119923
0.256874 0.410745
1.86127 2.02371
1.0788 1.0788
0.479879 0.155736
0.383308 0.11262
0.695805 2.13346
0.502239 0.188438
0.263567 0.572426
1.62847 1.79548
0.580221 1.68922
0.434185 0.343339
0.803567 0.88777
0.603396 1.02595
0.72436 0.640612
0.149212 0.169035
0.403857 0.076986
0.0674521 0.0677329
0.146065 0.0761197
4.01411 0.54633
0.585237 0.539604
0.975921 0.3077
0.718319 0.523108
0.079351 0.496433
0.105913 0.864148
0.0474281 0.860601
0.0725593 0.15779
1.66872 0.123477
0.628258 1.74852
0.519458 0.337193
0.044835 0.52461
1.53225 0.452773
2.7848 0.117837
1.94632 1.93685
0.211482 2.66521
0.815184 0.545064
1.30841 0.704081
0.70085 0.889097
0.190177 0.81255
2.50381 2.50381
0.749733 0.329474
0.0657073 0.375717
0.265157 0.877016
0.824377 1.23764
0.669071 0.0661043
0.391467 0.587124
0.634744 1.77602
1.01256 2.29047
0.196591 1.53882
1.93132 1.22635
0.695254 0.621865
0.385244 2.3276
0.136314 7.04034
2.15253 0.0748558
1.51701 3.13311
0.332128 1.32944
1.77605 1.26437
0.68746 1.31875
2.68952 0.967012
0.211722 2.13823
0.803321 0.622673
0.409313 0.488973
0.0560547 0.340273
1.15018 0.339822
2.34493 1.06987
0.111555 0.566163
3.05513 0.769355
0.242811 0.727908
0.110445 0.459697
0.245142 0.185345
0.48019 0.135321
0.515059 0.714617
0.15524 0.0919068
0.209199 0.748567
0.0853404 0.154969
0.25192 1.49934
1.37526 0.23703
0.930426 1.92039
1.36831 0.261999
0.0857831 0.473153
0.148999 0.201209
1.70611 0.687494
1.63099 2.28754
0.0486258 0.0349349
0.906929 1.09268
1.02876 0.234396
0.837173 2.95937
1.72289 1.72289
1.64175 1.64175
1.58879 1.58879
0.807035 1.71113
0.541913 0.318959
0.394492 0.614165
4.76006 1.16303
0.149594 0.279207
0.232982 0.550471
1.57768 0.75574
0.133864 0.392901
0.746083 1.30733
0.983939 0.791227
0.765245 0.566189
0.0551944 0.50504
0.318932 0.147665
0.851903 0.575163
0.322377 2.238
2.17093 1.10028
0.878854 1.23667
0.769682 0.533566
0.64318 3.31168
2.39502 0.935273
0.232176 0.501107
0.900147 0.691822
1.51638 0.225698
0.102868 0.289255
2.12012 0.373713
1.5017 0.412587
0.588638 1.60765
1.37964 2.57482
3.90503 3.90503
3.48714 3.48714
3.4804 3.4804
3.55562 3.55562
1.6022 0.340381
0.254862 0.141355
0.571075 0.624258
1.69024 1.89102
1.24851 0.0730511
1.02074 1.84228
1.08176 0.772517
2.63077 0.511925
0.594391 0.319254
1.02856 2.39932
0.80622 3.98538
1.84542 0.669774
0.591072 1.29488
0.632017 2.41718
0.340733 0.665101
0.185116 0.116576
3.88332 0.553448
1.69282 1.61156
3.63616 0.600247
2.23079 1.6041
1.10034 1.22733
1.03595 0.542939
0.247843 0.375645
6.55846 6.55846
7.32892 7.32892
7.3636 7.3636
2.86204 1.85336
0.417848 2.54754
0.670976 0.692126
0.425668 0.285585
0.47221 0.840597
0.301171 0.870501
1.78438 0.677887
0.879511 0.443976
0.737241 4.28761
0.179302 0.2472
0.592633 0.845203
2.81362 0.486367
0.592231 0.293605
0.570712 0.439456
0.142729 0.125122
0.192445 0.113902
1.17817 2.03927
0.578242 2.43051
0.14791 0.354593
0.139524 0.425965
1.27776 1.08538
0.508521 0.0623888
0.759677 1.02446
1.25572 1.17217
1.03488 2.1777
1.57118 1.57118
1.82504 1.82504
1.2331 1.2331
0.225058 0.220086
2.09111 0.0755934
1.37308 1.01523
0.0982494 0.19588
1.3005 0.475244
0.71923 1.08804
0.522729 0.115216
0.412116 1.96424
2.58854 2.58854
2.68654 2.68654
0.967966 0.134296
0.400632 0.120964
1.12682 0.724245
1.02585 0.778198
1.49347 0.133766
1.87624 1.87624
2.35025 2.35025
2.88578 2.88578
0.87652 1.21612
0.184001 0.518681
0.370974 0.371293
4.90921 4.90921
4.91021 4.91021
4.1677 4.1677
4.45382 4.45382
4.43833 4.43833
2.72374 0.19244
1.54642 1.87162
0.799768 1.24821
0.164533 0.115375
0.14884 1.19876
0.304277 0.0514503
1.51105 1.23211
0.275469 0.084544
0.695943 0.691401
0.560597 0.751837
0.602105 0.276137
0.338625 0.134312
1.07192 1.79333
3.13203 3.13203
1.75844 1.75844
0.15106 0.0980231
0.943828 0.943828
1.57303 1.57303
1.33862 0.362351
0.0496966 0.31173
2.35473 0.779893
0.660708 1.63088
0.238831 0.878335
0.353713 6.58658
0.708513 2.6243
2.83462 2.83462
2.6427 2.6427
2.8702 2.8702
0.095968 0.262486
0.0439213 0.236035
2.91013 0.632662
2.59303 3.30076
0.205558 1.23209
0.628977 0.202844
1.24747 0.918616
0.0278663 0.0262339
1.05285 1.22649
0.659788 0.505399
1.22883 0.858352
0.474147 0.452958
0.410345 1.01609
0.626099 1.14244
1.64043 0.786258
1.01542 1.7989
0.145475 1.44254
1.47517 0.44884
0.165626 2.00636
0.737884 0.132452
0.426505 1.08354
0.358274 0.709519
0.385201 1.2012
0.151994 0.401297
0.34202 1.84652
2.30009 2.08729
2.87055 0.64998
0.41483 0.790672
4.29806 0.0461383
0.139481 0.149866
1.46701 0.536407
2.28361 0.435904
2.39828 2.39828
1.19068 1.19068
0.419589 0.69146
0.0726728 0.353983
0.382503 0.639474
0.303947 0.152245
2.49328 1.46993
0.0723091 0.408229
0.215667 1.156
0.808058 0.808058
0.792722 0.792722
0.843524 0.843524
0.146196 0.131054
0.429114 0.335214
1.26229 0.129191
0.141704 0.39086
0.1839 0.965332
1.81243 0.426623
1.79158 0.557444
0.669652 0.491336
4.60396 1.57717
0.516227 0.554437
0.077874 0.253388
0.628034 0.66307
1.21519 3.02291
0.424485 1.22055
2.49196 0.337536
0.0266309 0.0772942
1.05923 0.0132288
2.24433 2.24433
2.13273 2.13273
0.56343 1.36644
1.3151 1.25172
0.347404 0.846988
0.353826 0.659948
0.86574 0.388081
2.97371 0.65189
1.13014 0.412828
0.0989994 0.33258
0.131641 0.369546
0.928094 1.94779
0.114676 0.924232
1.4637 0.611255
1.84959 0.877097
1.22041 0.601046
0.597374 2.72023
3.46017 0.965371
0.441417 0.949801
0.317934 0.260475
0.256386 0.544998
1.2039 0.228617
2.08586 0.27949
0.463676 0.0776628
0.228765 0.049906
0.883237 4.8003
0.259523 0.636742
0.824911 0.637926
1.18398 0.927409
2.60748 0.611445
2.12449 0.793179
0.338509 0.341035
0.918166 0.282047
0.506235 0.162427
0.320727 0.215028
0.951441 0.62463
0.496995 0.212334
0.253788 0.378736
1.26894 0.342397
0.240795 0.472368
0.831666 0.742232
0.124365 0.937599
1.18579 1.75627
0.0196252 0.636529
1.78088 0.467184
0.886542 4.1858
0.028863 0.230755
0.849859 0.0520662
0.0749893 0.766991
3.1793 3.1793
3.23621 3.23621
3.52935 3.52935
3.52176 3.52176
0.654966 0.198516
7.52144 0.300323
0.57605 0.525393
0.206947 0.265591
0.883436 0.562361
0.149236 1.25164
2.01283 0.324941
0.600906 0.196681
0.97069 0.73784
0.363206 0.514801
0.193857 0.0207775
0.87032 0.87032
0.840671 0.840671
1.16442 1.99149
5.02615 0.264181
1.29789 0.464728
0.311779 1.23261
0.619126 0.093734
3.98508 2.01762
2.0755 0.795625
0.923351 1.31856
0.538705 0.270491
1.88796 0.96932
1.08938 1.1725
1.17814 1.70148
0.81226 0.474314
2.62933 0.22732
0.270875 0.40488
0.334904 0.160873
0.165348 0.676592
0.744659 1.77228
3.09948 0.399845
3.14938 1.57776
0.885729 0.128344
0.31853 0.623757
0.123187 0.11376
0.652158 1.88289
1.82051 0.614156
0.310265 0.338554
0.345478 0.159299
0.617077 0.119739
0.602593 1.07621
0.516344 0.343022
1.15117 2.50178
0.670308 0.478167
2.34114 0.824548
1.31346 1.3551
1.12777 0.427182
0.667589 1.50023
0.208332 0.410079
2.63344 2.63344
3.16787 3.16787
3.14949 3.14949
2.82653 2.82653
1.37287 0.477193
0.521353 1.66221
1.40736 1.05617
0.626173 2.34685
0.158717 0.212241
0.333179 1.07358
3.70496 2.30668
0.693353 0.590682
1.12427 0.501854
1.43467 0.801422
0.287432 0.187205
3.88245 3.88245
3.92553 3.92553
3.9744 3.9744
4.15692 4.15692
1.53992 0.11624
3.0259 0.673491
2.04412 0.0638539
0.258078 0.322215
0.186875 1.88557
0.113187 0.455553
3.07311 3.07311
0.901499 1.93668
0.0944721 0.479067
0.212243 1.03056
0.138091 0.910909
2.49728 0.477996
0.303104 0.406429
0.216806 1.40293
0.960902 0.211573
0.540355 0.48066
0.0935868 0.0256249
1.41615 0.336631
0.172086 0.549
1.45138 0.487709
1.39735 2.54276
0.107156 0.257079
1.24817 3.36968
0.656661 0.501391
0.644678 1.23947
3.08252 3.08252
2.90699 2.90699
0.364208 0.0855428
2.16811 0.879445
0.486367 2.2926
0.179591 0.254823
1.0285 0.475478
0.523793 1.05426
0.236015 0.267809
0.252393 0.24235
0.810893 0.221968
0.541259 0.109834
0.126135 0.86357
0.646719 0.129408
0.194361 0.559401
0.419944 0.565917
1.71498 1.94159
2.07559 0.636234
1.41986 2.21941
0.552989 0.103523
0.776178 0.1322
0.727101 0.788497
0.512653 0.477525
1.28519 0.929054
0.27867 0.247511
0.895024 0.0841676
0.0731675 0.081433
0.548311 0.272478
0.923081 0.276934
0.240192 0.219821
1.38411 3.87385
1.35323 1.05179
0.623226 0.770195
0.731693 0.408425
0.529116 0.249006
0.24289 0.197841
0.662503 0.703149
0.74857 0.959539
1.85643 0.624866
0.397571 1.02706
0.796252 2.44173
0.667365 0.402474
2.82964 1.93406
0.567428 0.497168
0.139464 0.278666
2.00458 1.49114
0.434245 0.944525
0.590325 0.560388
1.14081 1.5813
0.595616 0.0290786
0.0606581 0.367345
0.269188 1.55137
1.41066 1.14236
4.02622 2.60306
0.911829 0.952614
2.17347 0.980968
0.431257 0.10157
0.310942 1.48256
1.8917 1.8917
0.365859 0.372865
0.334659 0.0835649
0.0553886 0.466282
0.885794 3.5562
2.94438 1.54188
0.72911 2.27088
0.300304 1.11033
0.95223 0.428892
0.717586 0.91074
0.26779 2.67172
1.68911 2.32345
0.251852 0.100433
0.247657 0.779644
0.666037 3.27178
0.975941 1.81942
2.2516 1.40697
0.213745 0.474909
0.224961 0.207173
1.60031 2.7914
0.727637 1.93927
0.209109 0.360644
0.292604 1.51757
2.38438 1.35556
0.246105 1.80355
4.07389 0.916865
0.253492 0.646428
0.709617 0.513948
0.435554 1.67571
0.124393 0.219916
2.96912 1.16786
0.301694 0.176741
0.457617 0.484585
2.5401 0.0633994
0.184737 0.0438056
0.122967 2.46973
0.650909 0.33989
1.34103 0.951613
0.0287359 0.624497
2.47689 0.224764
1.39444 4.42033
0.153263 0.166038
0.447935 0.219158
2.10782 0.847904
0.270407 0.433616
1.08697 0.428407
4.82107 4.1117
1.40887 1.62438
0.143343 0.12531
0.921695 3.1167
1.53907 0.812291
0.311369 0.887249
1.74647 1.49182
0.160237 0.15624
0.227719 1.637
0.202429 1.03957
0.647899 0.671812
0.591061 0.877552
0.719969 1.84811
0.739994 0.999151
0.122062 0.184589
0.293878 0.318753
0.271243 0.981823
0.10474 0.167964
0.0682987 0.0286396
0.0155565 0.365882
1.30554 3.55117
1.10294 1.18415
0.286714 0.564296
1.40804 0.663824
0.253149 0.350769
0.65416 0.847515
1.37345 1.89785
0.151312 0.998711
1.15002 1.10611
0.47407 0.403881
0.856344 0.579231
0.520779 1.01278
0.682002 0.321385
0.286171 0.197058
0.422726 0.506361
0.317612 0.94389
0.158812 0.135471
0.208072 0.199079
1.61308 0.0458315
4.0647 0.198067
0.156088 1.70274
2.06951 1.96928
0.515216 0.833629
0.331023 2.32316
0.115414 0.95122
0.379406 1.23781
1.48781 1.48785
1.21773 2.38445
2.77088 2.77088
1.73048 1.73048
1.1106 0.465762
1.18121 0.0112028
0.673308 1.3798
0.854434 0.961628
1.56262 0.0436023
1.0749 0.114685
0.181223 0.778321
0.954528 2.18465
0.929692 0.929692
0.105398 0.0974944
0.237762 0.281159
0.403104 0.467026
0.14773 0.65354
0.136556 0.97653
0.189297 0.377986
2.60531 2.18354
0.463237 1.94784
1.61046 1.61046
0.498131 0.118013
0.247513 0.317834
0.32108 0.240743
0.179202 0.4119
0.207308 0.138016
0.979113 0.729392
0.0260744 0.0207726
0.269304 0.444016
1.42126 1.13533
0.164257 0.241013
0.463109 0.759855
0.45466 0.105319
2.03065 0.924673
0.526211 2.22626
0.246863 0.2673
0.400593 0.319705
1.40534 0.587253
1.87911 0.345593
0.0750986 0.312552
0.449942 1.30864
0.0721704 0.0509552
1.04744 0.545445
1.9109 1.58855
2.65928 0.96378
0.535707 0.366221
0.954089 0.674554
0.572815 1.11997
2.73416 1.76409
1.57142 0.551827
1.05699 0.194257
2.36872 0.0518253
1.41149 1.41149
0.626245 0.626245
0.160029 0.164491
2.88472 0.732194
2.007 1.01315
0.827077 0.275041
2.01575 1.38133
0.0971414 0.224165
0.277437 0.316944
0.899847 0.145673
3.22712 0.886837
0.435933 0.29685
0.491533 1.58437
1.43404 0.262944
0.721666 2.87196
2.29947 2.29947
2.41135 2.41135
2.63661 2.63661
1.33963 0.38612
1.47287 0.560902
0.87123 0.881483
0.521866 3.70106
0.0809232 0.636387
0.105595 0.201625
0.214787 1.58454
0.147556 2.43661
0.148826 0.159724
0.92586 0.0723244
0.446314 0.0979668
0.20497 0.453618
0.902491 1.1147
0.0256459 0.115759
3.37004 3.37004
3.39198 3.39198
3.70271 3.70271
3.70152 3.70152
3.73693 3.73693
1.01304 0.53388
0.0285118 1.49543
1.0713 2.12773
1.61711 1.61711
1.43306 1.43306
0.0488841 0.680686
1.69379 1.45843
0.620621 0.398607
1.13024 1.47522
0.938278 3.43078
0.131134 0.154144
0.955045 1.60887
0.870293 0.984607
3.87124 1.866
0.659272 0.0746002
0.768749 1.98646
0.861733 1.43639
0.328592 1.41137
1.73278 3.13828
0.132994 0.243502
0.294204 0.932114
0.563742 1.41153
2.95789 2.95789
1.21557 0.0649001
2.13008 0.698904
0.0911371 0.137322
0.414267 0.319745
1.04568 0.774551
1.03033 0.62289
0.577188 0.23828
0.301006 1.30222
0.0782989 0.0840724
1.61923 2.34986
0.224614 0.0294554
1.50242 0.945935
1.91807 2.32729
2.3797 2.3797
2.54851 2.54851
1.04574 0.710767
0.183207 1.17323
2.15007 1.19639
0.585312 0.236574
2.11269 0.919624
0.984078 1.919
0.236543 0.102951
0.188565 0.58826
0.71981 0.0405041
0.136482 0.242417
0.0739856 0.097074
2.13621 0.378092
0.457537 0.395935
0.675913 1.75965
0.715111 0.671741
1.6222 1.23161
0.648424 0.207039
0.334827 0.721308
0.505541 0.633456
0.131238 0.594861
1.59243 0.922428
1.36583 1.01935
0.533282 0.680363
2.13814 0.498635
0.336781 2.59737
1.42253 1.24149
0.564349 0.616065
1.00016 1.15268
0.140087 0.994576
0.56235 0.151378
0.98829 1.06132
1.1496 0.890347
1.99055 1.99055
1.9905 1.9905
1.26437 0.7322
0.694674 0.558816
2.89433 0.388117
0.131061 0.519551
0.287127 0.0597934
0.983356 0.726064
1.86021 1.73985
2.44931 0.835085
0.0956781 0.556417
0.426005 1.24924
0.258308 2.11935
0.353083 0.479909
0.0994812 0.614141
1.75477 1.13223
1.24498 0.952142
0.258299 0.543304
0.375173 0.673154
0.326777 0.361177
0.171586 0.353252
0.815034 1.54891
1.05775 0.149681
1.759 3.61112
0.285181 0.213185
1.1821 0.913299
2.95952 0.741023
0.191505 0.601872
0.562397 0.347762
1.30742 0.617861
1.76968 1.02668
0.0630513 0.0294732
0.617982 0.792057
0.158073 0.612999
0.176507 0.277847
0.91938 2.94116
1.7747 0.433956
0.899525 0.408434
0.38848 0.530404
1.79635 0.807351
1.84147 1.65046
0.264 1.88428
0.324996 1.15981
0.713622 0.13044
0.542071 0.772679
1.71103 0.604305
1.47707 0.649342
0.155825 1.5724
0.94494 0.339041
1.95378 3.35485
0.366768 0.0746837
1.75975 1.75975
0.764491 1.78891
0.576864 0.221451
1.68531 0.362521
1.05977 0.715799
1.31169 1.21962
0.536954 0.203921
0.345291 0.0868534
0.38797 0.791542
0.299452 0.617731
0.26634 0.292939
2.34862 1.60612
1.04008 2.44213
0.514408 0.237179
0.33516 0.620289
0.698312 0.271792
0.439574 0.567313
0.172015 0.680167
0.629485 0.538816
4.61864 4.61864
5.27009 5.27009
4.47281 4.47281
4.51132 4.51132
4.11704 0.434568
3.04548 0.299285
0.811039 0.946048
0.563559 0.0632714
2.07612 2.07612
2.50285 2.50285
2.50438 2.50438
2.83749 2.83749
3.05843 3.05843
0.173676 0.323759
0.234721 0.347278
0.572908 0.1834
0.561799 0.655564
0.67109 0.310496
0.480633 1.18863
0.0226145 0.674377
0.199337 0.419302
1.10607 0.924763
0.530013 0.630897
1.49595 0.146224
0.0372932 0.335147
0.0827977 0.605845
0.064205 0.9946
0.232531 0.543481
0.286255 0.751878
0.80471 0.180135
1.68248 0.906604
0.705334 0.288855
0.218158 0.228043
0.257923 0.377262
0.0565084 0.185869
0.629973 0.761295
0.184791 0.170647
1.41523 1.04734
1.19835 0.84756
1.87756 1.05269
0.772972 0.488477
0.141578 1.23838
1.48206 2.70885
0.133269 0.138096
0.464885 0.620766
1.50366 0.0350147
3.83686 2.14802
0.66415 1.40248
0.464678 0.569039
0.163459 0.334336
0.384985 1.49243
1.18291 0.9317
0.925378 0.807752
2.16506 0.873636
3.93601 0.799711
0.124558 1.17406
1.1703 1.43946
1.14494 0.799938
0.234181 0.422032
0.343538 1.42988
0.461162 0.089631
0.791752 1.28301
2.34002 0.795359
0.215562 0.111517
0.816847 0.497862
0.938797 0.862374
1.52768 1.9047
2.4057 1.12578
0.753509 0.594151
0.417547 0.0704687
0.839993 0.177754
0.450718 0.0601169
0.046269 0.481613
0.622226 0.902597
0.627464 0.253024
0.287119 0.334506
2.71935 0.58153
1.0504 1.28205
0.785462 0.38883
0.775665 0.0420577
2.15953 0.110263
0.102499 0.0949468
0.629594 0.331441
0.614245 6.53255
3.41902 0.93902
0.248081 0.363718
2.25566 1.05178
2.34964 1.3407
2.10338 1.31388
1.06029 0.343935
1.58463 1.06654
1.13791 0.4387
0.397364 0.241639
0.434872 0.509694
1.24625 2.02389
0.310777 0.0938478
2.20349 1.82099
4.46924 6.98232
0.324829 0.620372
0.136019 0.356714
0.491123 0.3596
0.0444383 0.118405
1.65637 1.41761
0.281314 0.703312
0.741679 0.778033
1.69761 0.972953
0.176973 0.650318
0.693244 0.6931
0.405524 0.264993
0.331634 0.865544
0.0441732 0.225905
0.258193 1.73419
1.24283 0.125781
1.11287 0.890501
0.480429 0.4072
0.0799244 0.374967
1.10239 0.414618
0.0699246 1.18236
2.34783 0.448152
0.876174 0.110608
1.14735 0.831294
0.111748 0.575621
0.194848 0.0597061
1.40359 0.972702
0.129089 0.605482
1.05468 0.455731
0.0165274 1.05979
1.29012 2.48178
0.420997 0.202463
0.670068 0.224047
0.638788 0.509955
0.125836 0.278119
2.1937 0.537108
0.214673 0.117582
1.30807 0.0655098
0.714823 2.20579
0.181209 0.281596
3.60678 1.22872
0.103974 0.156374
0.851692 0.869979
0.269076 0.823469
0.616081 1.78605
3.159 3.159
3.32873 3.32873
3.47327 3.47327
3.5741 3.5741
3.10754 0.333256
0.717331 0.488297
0.839055 0.341297
0.240154 0.421747
0.635377 0.292013
0.779653 0.663893
2.07659 1.27866
2.29449 1.08741
1.60496 0.44816
0.385094 0.21664
1.00039 1.15795
0.195063 0.792074
0.784058 0.205354
0.405662 0.797185
2.7387 2.7387
1.23461 1.42918
0.56688 0.379046
2.18982 2.32249
0.24256 1.30611
0.793169 1.12578
0.231675 0.6227
2.0922 0.518812
0.44342 0.18662
0.0324241 0.0918564
0.779125 1.01216
0.0505 0.539658
2.47192 0.344796
2.15818 3.24229
0.27739 0.682707
1.18497 1.21728
3.0476 0.758202
0.163351 1.04107
1.86346 0.128661
0.143947 0.220499
0.489713 0.352948
0.647476 0.825798
2.75119 0.352883
0.679734 0.978882
0.841193 0.933258
1.48115 0.22028
2.89778 1.21109
0.47031 2.00898
0.113573 0.125385
1.26988 0.678649
0.291459 0.415613
3.79605 3.79605
4.50176 4.50176
4.4888 4.4888
4.73505 4.73505
2.91298 2.19454
0.123679 0.16883
0.484245 1.27642
0.82659 0.501528
0.395466 0.509507
0.431177 1.65289
1.91317 1.91317
2.00249 2.00249
2.1758 2.1758
0.935953 0.132581
0.329889 1.74977
0.330263 0.285193
3.45214 0.186832
0.173498 0.600574
0.199461 0.0649049
0.264006 0.104281
2.36117 3.34215
0.170372 0.0544387
0.280504 0.371292
0.16356 1.67067
1.12141 1.1472
0.13726 0.437294
0.265632 0.0442687
1.11196 2.57944
0.327922 1.03129
0.506035 0.785099
0.387879 0.370174
3.09271 3.09271
2.92868 2.92868
4.02823 4.02823
4.54287 4.54287
4.76517 4.76517
4.74862 4.74862
0.274602 0.394654
0.710706 0.347728
0.840327 1.07324
0.613157 0.742125
0.190594 0.824989
0.874767 0.804651
0.0512908 0.0165341
1.12079 0.947347
0.143627 0.333421
0.609004 0.624065
2.54722 2.54722
3.1059 0.781454
0.241247 0.453497
0.681529 0.338316
2.27131 2.27131
2.63762 2.63762
0.238662 0.484607
0.875719 1.49647
0.0718166 0.0802876
0.0820693 0.272069
2.55547 0.836187
4.77146 2.04551
3.07583 0.462882
1.60637 1.03767
0.385198 0.669034
0.101854 0.680898
0.948759 0.0383352
0.181683 0.37217
0.106862 0.44411
0.556084 1.03171
1.15573 1.17116
0.799122 0.13163
2.33507 2.16226
0.526154 0.349396
0.496981 0.362207
0.223713 0.381204
1.35979 1.63408
0.384949 1.18784
0.498679 0.10435
0.302152 1.09785
0.0426941 0.0396558
1.70436 0.251926
1.3562 1.59602
1.38985 0.257828
1.15028 0.503028
0.252369 0.314135
0.510253 0.178041
0.214239 1.59916
3.26292 0.697193
0.593849 0.60331
0.767571 0.133625
0.215428 0.14497
0.111959 0.212269
1.50498 2.61988
4.19096 0.734713
0.640857 0.542422
0.0245213 0.687412
0.0400715 0.184921
1.1919 0.205124
0.973859 0.177832
1.06749 0.630634
1.47141 1.6944
0.593584 0.387687
1.06586 0.300825
2.23158 1.31727
0.921895 0.591349
0.232514 0.368128
1.03976 0.320406
1.57101 1.57101
1.60502 1.60502
0.974221 0.359839
0.866809 0.635733
0.787327 2.64671
2.39011 0.85236
0.721766 0.919876
1.64012 1.01617
2.67736 2.2106
0.789156 0.141503
0.941466 0.366929
0.155314 1.54383
1.4274 2.74069
0.364029 1.32497
1.30051 2.54492
0.652514 0.946422
2.07033 2.07033
1.32082 1.32082
0.48927 0.770339
1.95904 1.83709
0.353519 0.738671
1.68413 1.23585
1.94446 1.94446
0.453066 0.624799
2.35704 2.53921
0.0929379 0.103873
0.177992 1.31841
0.313265 0.479001
0.21591 0.192702
3.11391 0.409533
1.15396 0.175567
0.153146 0.633845
0.253221 1.9251
0.718869 0.251124
0.533293 0.627984
0.595044 2.3497
0.814191 0.623512
0.309211 0.282273
3.38397 0.578856
0.119787 0.049248
0.853873 0.200915
0.443877 0.537036
0.0634786 0.105483
0.447847 0.604125
1.6421 0.113954
0.896349 2.829
1.38506 2.0938
1.88132 2.55114
0.55427 0.581029
2.91646 0.755494
0.878415 0.764451
0.355008 0.264848
0.875556 1.97053
0.268114 0.292259
0.155362 0.379483
2.11344 0.697522
0.559557 1.33852
0.0945515 0.896542
1.76108 1.1246
0.270463 1.95631
0.94551 0.507833
0.0756361 0.255723
0.618219 1.09943
0.626611 0.226499
0.242792 0.133362
0.225984 2.87772
2.42914 0.313474
1.49371 1.37496
1.87591 0.59047
0.0966101 1.12905
1.25822 2.48896
1.21705 0.532275
0.342316 0.0960072
1.95093 1.57407
0.0410183 0.835078
0.807842 0.877098
2.12318 1.53631
0.0579643 0.18411
0.885789 1.20618
0.939105 0.295871
0.224555 1.37379
1.33196 1.33196
1.3931 1.3931
1.9305 1.9305
0.165161 0.286025
0.892333 0.929389
3.51313 0.770949
1.51727 2.18603
0.0246881 0.153851
0.612275 1.01749
0.673974 1.43647
0.614086 0.450651
1.9613 0.461291
0.262541 0.101091
0.703032 0.419635
1.20473 0.567644
1.62836 1.93443
1.20032 2.04377
0.232841 0.0790404
1.09585 1.17114
0.0459443 1.21894
0.934593 0.175821
0.335553 0.35713
0.262086 0.996638
0.0358451 0.120731
0.452075 0.433396
1.07631 0.253866
0.172168 1.05179
1.42919 1.75546
2.11196 1.20245
0.654914 0.278381
0.0903427 0.0917972
0.577983 0.421014
1.30748 1.69891
0.497076 0.282167
0.357842 0.253191
0.562356 0.810455
0.816476 0.298665
0.998634 0.476274
1.14925 0.373752
0.668558 0.281736
1.22388 0.465085
4.11514 0.882522
0.67916 0.822116
0.29646 0.192611
0.435576 0.767481
0.110844 0.301521
1.17041 1.00859
0.292803 1.14781
0.817822 0.644993
0.0413051 0.0925115
1.47839 0.696049
0.0900741 0.0117762
0.424188 0.148157
0.242097 2.98329
0.255898 0.359834
1.50957 1.3191
0.260817 0.0300979
0.277249 0.0535192
2.28656 1.46794
0.0920105 0.503415
1.05292 0.75277
1.72057 1.14802
0.43393 1.11446
0.950279 0.647123
0.774474 1.20038
0.47767 0.781713
1.40359 0.304736
0.107458 0.624712
0.759733 1.57464
0.2818 0.338943
0.253249 0.461763
1.03555 0.313811
1.49646 1.49646
1.31186 1.31186
1.44845 1.44845
1.61616 1.61616
2.49045 0.901717
1.07672 0.122301
0.791892 1.07746
3.38309 0.31593
0.29962 0.143123
1.07163 1.07782
0.384794 0.370605
0.399766 0.419458
2.02461 0.866173
0.148955 0.202691
1.52718 1.01039
1.63464 2.01494
0.528067 0.354337
0.478422 0.737674
0.630573 0.487158
0.978927 0.281517
0.534174 0.36823
0.247139 0.0503134
0.522888 2.41361
0.202076 5.77016
0.10113 0.111577
0.435988 0.550362
0.161044 1.40501
0.214911 1.29348
0.425197 0.105785
0.876849 0.388202
0.962244 0.0586413
1.08431 0.330416
0.590864 0.198569
0.878768 0.874819
0.820416 0.207677
0.346536 3.83837
0.274834 0.839379
0.926199 2.33639
0.91235 0.196469
1.41083 1.44245
0.840078 0.124377
0.118773 0.808035
1.11354 3.1725
0.302225 0.0517787
0.0739259 0.83901
0.112038 1.48259
0.736337 0.14525
0.214699 0.949154
0.473428 0.279744
0.123694 2.0083
0.664415 0.406234
1.58432 1.28907
0.270496 0.150848
0.374432 0.411936
0.351038 0.295237
0.253095 0.393948
1.11912 1.0377
0.32376 0.571202
0.234778 0.859459
0.100307 0.162775
0.279571 0.260612
1.02537 0.379269
0.094245 0.537976
0.0370813 0.223315
0.758865 0.918886
0.784477 1.51295
0.803882 1.89188
0.487819 1.10071
0.17009 1.30289
0.331958 0.731642
0.00248597 0.109926
0.599642 1.41881
0.125589 0.808373
3.02576 0.927075
1.54301 1.68106
0.563064 1.18698
0.754581 1.24491
0.911285 3.24351
1.13878 0.341952
1.73782 0.317181
1.47081 0.451471
0.694288 1.23578
0.517272 0.889131
1.83366 1.83366
0.173374 0.31469
0.202216 0.155051
1.32456 0.747607
1.24639 1.83951
1.63807 1.34856
3.46488 3.46488
3.76686 3.76686
0.245129 1.46381
0.113176 0.126251
0.876732 0.288296
0.56152 0.651561
1.216 1.91945
2.98855 0.811244
0.153807 0.66522
0.594101 0.17441
0.45577 0.0582977
1.35404 0.350864
0.117282 0.416015
1.74553 1.74553
2.55372 2.55372
0.850304 0.614802
0.126332 0.123461
0.325514 2.34545
0.365897 0.725921
1.77915 0.631907
0.245387 0.165483
0.567008 0.0454433
1.17512 1.3199
1.037 1.037
0.945813 0.945813
0.209177 0.633743
1.29667 2.46908
0.393734 0.267357
0.794708 0.34402
0.601123 1.13367
1.30602 0.917449
0.322684 0.864937
0.564886 1.75491
1.94638 0.45546
0.587655 0.872425
0.77645 0.136452
0.251457 1.611
0.235962 1.02168
0.363612 0.823933
0.164211 0.499373
3.66158 3.66158
0.435363 1.08391
0.829563 3.21854
3.0143 1.54069
3.71063 0.641406
0.157049 0.561097
0.394661 0.611319
0.554268 0.493759
1.02038 0.119937
0.506416 1.07031
1.08102 1.08102
0.914373 0.914373
0.617329 0.617329
0.781186 0.781186
1.84511 1.08703
0.154564 0.319215
0.229899 1.27554
0.912132 0.387134
0.417976 0.897035
0.0614119 0.64122
0.281647 0.487506
1.57472 0.785341
0.247319 0.258938
1.69356 1.69356
1.13395 1.13395
0.358102 0.155478
2.52322 0.814336
0.669199 0.240703
0.239449 0.139984
0.608866 0.868042
0.0894578 1.94961
0.0641412 0.833094
1.30911 0.960937
0.656952 2.76252
0.0680222 2.72186
1.89367 1.89367
1.83161 1.83161
0.638428 0.638428
0.394088 1.59841
0.386735 0.216046
0.797931 0.0665644
0.932568 1.01602
0.335673 1.10414
2.16269 0.573097
0.376433 0.39329
0.782267 0.522749
0.334019 0.776433
0.393747 0.349467
0.349677 0.133756
1.25288 0.452355
0.13303 0.175013
1.87558 0.492354
0.691316 0.505627
0.147556 0.0691352
0.999257 0.756889
0.853966 0.11736
0.597588 0.319161
0.523056 1.04005
0.265193 2.12776
0.41255 0.948986
1.51664 1.55037
0.723348 0.471124
0.72705 0.741586
1.16838 0.379376
1.25529 1.34443
0.325975 0.11909
0.442379 0.34407
0.631182 0.486866
1.45726 2.8467
0.428416 0.118004
3.28359 2.29433
0.816574 1.61936
0.393576 1.01679
0.325591 0.0461893
0.323834 1.02037
0.77918 0.413877
0.319627 0.235852
1.38558 1.6143
0.169888 0.106342
0.153967 0.760283
0.380955 0.470303
0.594045 0.256523
1.11151 0.670719
0.692204 0.674948
0.0524909 1.6508
0.166803 0.497537
0.413583 0.535374
1.65827 1.46824
0.0550881 0.182815
1.4729 1.76002
0.840687 0.172813
3.3293 0.475279
1.62753 1.43787
1.8561 1.35606
1.06423 0.560016
0.903262 1.38945
0.547193 0.112273
1.76053 0.34934
2.19206 0.775489
0.0529659 0.297169
0.943187 0.0740789
0.661107 1.1268
6.96957 1.1778
0.338255 0.250683
0.488672 1.00193
0.236511 0.43988
0.782118 0.159539
0.806979 0.965748
0.137013 0.319221
1.31657 1.54979
0.127332 1.55375
0.636589 0.0639422
0.462458 0.197864
0.109658 0.774093
0.612607 0.902392
0.709454 0.929223
0.151288 0.981452
0.455744 0.744861
1.16153 3.39608
2.0068 0.156886
1.46316 0.506575
1.67192 0.563143
1.88632 1.10569
1.98591 1.16346
1.49931 1.57496
0.703597 0.299626
0.576409 1.47493
0.181359 0.490861
0.175477 1.80677
0.862521 0.303359
0.414067 0.247757
0.795736 0.429936
0.223377 0.360501
0.146592 0.975965
2.53236 0.606344
1.00101 0.878373
1.74786 4.49793
0.615044 0.193235
0.307342 2.02441
0.451742 0.910448
2.49539 1.5549
0.381396 1.03974
2.79889 2.79889
4.02102 4.02102
3.96665 0.852451
0.399874 2.70802
2.15315 0.891815
0.445576 0.48321
0.465544 0.296246
1.22698 1.47324
1.66038 2.12251
3.61397 0.652884
0.776584 0.537481
0.912347 0.764188
0.108959 4.19051
2.06687 0.177636
0.424762 1.18606
1.05704 0.624972
2.65123 0.241469
1.48708 2.11384
1.52975 0.478278
1.17993 0.263514
0.623836 2.60989
2.76369 0.610105
0.0780878 0.939043
0.910446 0.300078
1.80318 1.04224
0.36055 0.57608
0.525851 0.220617
0.079791 0.525127
0.232568 0.354925
1.20669 1.72428
0.287308 1.18935
1.4981 0.564434
0.331458 0.104089
0.196196 0.902434
1.19026 1.11485
2.38844 2.38844
3.07371 3.07371
3.01963 3.01963
3.03386 3.03386
0.264738 1.25279
0.0622228 0.0454123
0.214908 1.96114
2.71147 0.839938
3.7011 0.764027
2.20075 2.15215
0.899064 0.450438
0.580274 0.680766
0.0873437 2.42907
0.46539 1.0637
1.37267 0.395423
2.04855 1.206
0.39445 2.2257
0.384695 1.04547
0.787366 1.3618
0.59625 0.253541
0.439895 0.588159
0.223204 0.61137
0.510788 0.551572
0.697902 0.692233
1.0849 0.0674716
0.168653 0.382033
0.548834 0.231158
0.352939 0.564745
0.524661 0.902279
0.231505 0.0414936
1.02298 0.402943
0.693574 1.16196
1.00075 0.240437
3.31289 1.10541
0.117987 0.424684
0.286852 0.275093
1.27094 2.17901
0.580112 0.0839429
0.29862 0.661253
2.11494 0.703671
0.942597 0.871858
0.498137 1.84721
0.0496857 0.0700684
0.183891 0.543923
1.59692 2.05053
0.438475 0.420572
0.14853 0.226973
6.76604 6.76604
5.49703 5.49703
5.48977 5.48977
5.93316 5.93316
1.38345 0.947995
1.47256 1.37166
1.33567 0.68994
0.792303 3.48824
1.09642 0.869211
0.677381 0.334976
1.19965 0.909984
0.257483 0.198109
0.458844 0.127962
1.73763 1.5512
1.22355 0.353655
0.374331 0.562841
1.39911 1.39911
1.55874 1.55874
2.42197 2.42197
0.218866 1.58354
1.73279 0.979826
1.8506 0.281648
7.09098 0.124881
1.38785 0.955684
0.327147 1.04498
0.110914 0.288293
0.237693 1.92015
0.46401 0.257104
0.449595 0.224234
0.276094 0.25106
0.0843283 0.148309
0.816824 0.956804
0.713017 0.291089
1.28266 1.51219
0.573951 0.483756
1.64033 0.377219
0.371728 0.083055
0.116574 0.174754
0.0612308 0.172547
0.426696 1.22676
0.0390919 0.244245
0.261848 0.728208
3.37665 0.918953
0.448041 0.0890294
0.494918 1.91938
0.33118 0.539413
0.729955 0.733434
2.60005 1.08006
0.351504 0.500722
1.58236 1.58236
0.525538 0.525538
0.655519 0.075645
0.680298 1.30409
0.322155 0.244377
0.13807 0.0452582
2.12271 0.669889
0.588204 0.181273
0.143385 0.594045
0.381096 0.472352
0.370699 0.300246
0.501346 1.29925
1.44153 0.878944
0.75238 0.282291
0.0652061 0.350203
0.607943 0.58439
0.48758 3.12954
0.90156 0.250423
0.547898 0.0727768
0.0707936 0.0752413
0.0799003 0.0904779
0.389173 0.051627
0.277171 0.423564
0.0746845 0.428768
0.21297 0.219004
0.384434 0.585762
1.64935 0.17625
0.0648884 0.268179
2.88132 0.58483
2.33345 1.65115
0.881877 0.387646
0.125822 0.0783176
0.829268 1.42464
0.102376 0.0743086
2.50607 1.49151
1.56755 1.27388
0.256587 0.288984
0.605647 0.345485
1.84363 0.297943
4.41877 0.863959
0.0540734 1.08109
0.100486 0.292319
1.48717 1.16466
0.197582 0.197582
0.217147 0.217147
0.508326 0.508326
1.26601 1.71004
0.0138798 0.556601
0.0561535 0.611868
0.2464 0.142909
0.31435 0.827976
1.93525 1.11376
0.961518 0.615551
0.0943735 0.0767067
0.244779 0.934859
1.9659 0.958136
0.46669 1.11808
0.507033 0.158872
3.70243 2.18725
0.684458 0.141745
1.21193 0.42126
2.04727 0.32097
0.452269 0.231166
0.713702 0.570079
0.48899 0.688797
0.34834 1.24522
0.837339 0.466329
2.40768 0.881593
0.511367 0.167527
1.50931 1.26612
0.793452 0.645229
0.22432 0.852436
0.482707 1.45317
1.7357 0.884151
2.91807 2.87964
0.818554 0.578561
0.767591 1.21076
0.130395 0.0356886
0.0664741 0.297827
0.4128 0.558106
0.287616 0.541846
0.383382 0.188665
1.94741 1.94741
1.24956 1.24956
1.25058 1.25058
1.23976 1.23976
0.0695949 0.47353
0.45517 1.92652
1.64535 0.473528
1.46851 0.150164
0.403367 0.664688
0.376616 0.32811
0.0973455 0.183466
0.19019 2.29063
1.15684 0.125872
0.8495 1.79479
0.701106 1.91001
0.0433173 0.0291325
0.0510049 0.132682
0.637879 0.104755
0.622088 0.636746
0.932925 2.56823
2.14183 1.03756
0.120817 0.0269608
1.43578 1.69844
0.442757 0.632929
2.81816 0.283625
0.378839 0.898201
0.661764 1.05212
0.706559 0.794051
0.151112 0.445363
0.836533 2.19075
0.707054 1.09002
0.152164 0.146629
3.26887 0.785372
1.75511 0.997136
0.228042 0.248997
1.32589 0.383112
1.79776 1.79776
0.164197 0.510037
0.338095 0.250206
0.425054 0.198923
0.772437 0.634018
1.11269 0.35739
0.40068 0.234552
1.72672 1.51197
1.95232 1.41282
1.55231 1.13187
2.37938 0.729231
1.08839 1.26466
0.693497 0.153073
0.538336 0.316006
0.576914 0.153153
0.77565 0.0535126
0.550541 0.156922
0.741696 0.351327
1.503 2.99755
0.392481 0.559914
0.283637 0.0287422
1.23283 1.55746
0.264236 0.487363
1.13156 0.449098
0.251979 0.342675
1.00097 0.661561
0.544585 0.816313
0.365348 0.177081
0.630347 0.247203
0.548583 0.658619
0.425071 0.191639
0.790558 1.01018
0.705816 0.742568
0.880834 0.811347
1.12106 0.284965
0.920908 1.66051
1.60907 1.61805
1.08697 2.3442
0.25227 0.117695
0.474215 0.910735
5.48524 5.48524
5.57749 5.57749
5.89397 5.89397
5.7757 5.7757
4.03291 1.8399
0.470903 2.06834
4.26469 0.108904
2.5395 1.47402
0.628756 2.01948
0.527937 1.37552
0.952585 1.47333
0.114259 0.71046
1.50288 0.141722
0.136759 0.092894
0.834417 0.313396
0.94482 0.649751
1.1248 0.801288
0.555073 0.836206
1.71232 0.389372
0.438968 0.382104
0.304466 0.336191
0.0062305 0.336637
2.03929 0.194477
5.68443 0.0269364
0.798704 0.859486
0.483606 0.624972
4.26221 0.0231272
0.508252 0.11534
0.48243 0.77876
0.809578 2.94611
0.932237 0.749969
0.95664 0.497901
1.48188 0.277986
3.10435 1.57502
2.89052 0.672444
1.458 1.458
1.45401 1.45401
1.0967 1.0967
1.12727 1.12727
3.58043 3.58043
0.248131 0.143183
1.65178 1.53011
1.52449 0.11689
0.242077 0.650741
0.456366 0.171218
1.90488 0.376553
2.88385 0.399268
0.648042 0.0644635
0.173855 0.854578
1.37445 0.677709
0.633634 0.0864346
2.08865 0.556106
0.745685 0.329124
1.45758 0.344482
0.453477 0.771129
1.75564 0.125617
0.397996 0.225009
0.862662 0.126484
0.74294 0.0723895
0.245032 0.734635
0.633826 0.256366
1.02659 0.526725
0.313472 0.925042
0.0828967 0.600416
0.133143 0.794865
0.505971 1.36849
0.383331 0.22547
0.199283 0.123505
0.415767 0.118938
0.371871 0.107694
0.753617 0.0291312
0.15245 0.168501
0.585399 0.245434
0.748312 0.54836
0.540551 0.409931
0.237586 0.591933
2.61776 1.25756
0.796177 0.474027
0.387211 0.182869
1.5592 0.210747
0.419105 0.153697
0.0417775 8.08395
1.29979 1.65891
0.184195 0.352177
1.08017 1.39585
2.60847 2.60847
2.97286 2.97286
2.97401 2.97401
2.97117 2.97117
1.25354 1.13065
0.30902 0.357087
0.0641718 0.476549
0.45542 1.39673
2.2149 0.489252
0.593074 0.113667
0.0441352 0.691997
0.23416 0.0597699
0.617707 0.279554
1.39079 0.188032
0.280722 0.335097
0.302983 0.544682
0.0257599 1.28364
0.983018 0.354239
0.241932 3.94265
0.159952 0.782926
1.80927 0.845011
0.147745 0.312127
2.08237 0.597365
2.92941 1.06581
5.45429 1.34239
0.0592132 0.158975
0.4381 0.98367
1.89684 2.78198
0.412877 0.20734
0.224792 2.03706
0.0505565 0.841581
0.415393 0.348523
1.07338 0.408759
3.27878 3.17328
1.96014 0.478834
0.555076 1.88567
0.561682 0.673148
1.44747 0.123294
3.06886 0.280178
0.182577 0.644018
0.155374 1.05963
0.970464 2.20425
0.841971 0.0537759
3.23103 4.74707
1.75941 0.10091
0.559826 2.49623
0.191199 0.477367
0.319958 1.92736
0.0802057 0.106597
0.987973 2.41042
0.26815 0.55646
4.08417 4.08417
4.27244 4.27244
4.86109 4.86109
4.86769 4.86769
5.25946 5.25946
1.25978 0.76944
1.80912 3.55347
1.59717 1.26157
1.96965 1.44851
0.632348 0.71653
0.224003 0.265891
3.67612 0.927401
0.0857308 0.10445
0.573809 0.195181
0.175388 0.830847
2.29177 2.29177
1.61328 1.61328
1.6171 1.6171
1.89214 1.89214
0.649209 0.221597
0.32031 0.575347
0.409251 0.168749
1.7799 1.7799
1.58171 1.58171
0.26796 0.423565
2.1649 0.281166
0.576012 0.313373
0.21627 0.314782
0.229297 1.0926
1.54951 1.29347
0.886012 0.886012
0.19671 0.31523
0.158497 0.155445
0.262572 0.123346
1.4507 0.827251
1.08474 0.310405
2.20685 2.20685
1.42948 0.837029
0.0704046 0.155609
0.215851 0.737226
0.82385 0.128448
1.41686 0.980241
0.889976 0.889976
0.606389 0.805805
0.381997 0.680479
0.0568816 0.0376505
2.64968 0.948999
0.761668 0.425849
0.295627 1.26156
2.06112 0.521925
2.0338 1.39567
0.136931 0.579023
1.69349 1.69349
0.0919497 0.274638
3.83237 0.680616
0.0636214 0.175186
2.43062 1.17166
1.05474 0.688701
